    unsorted:	 6.669782731e-012 6.159772078e-012 1.188225613e-011 -3.913626394e-012 -2.444168977e-011 -0.0001226089043 -0.08705435555 14.08805437 913.2831330
      sorted:	 -0.08705435555 -0.0001226089043 -2.444168977e-011 -3.913626394e-012 6.159772078e-012 6.669782731e-012 1.188225613e-011 14.08805437 913.2831330
