maxerr = 3.49498e-006

  0.0229113 -0.0136113 -0.0172022  0.0317635 0.00992793 -0.00593307 -0.00731478   0.013729    6.45358
 -0.0136113 0.00808633  0.0102196 -0.0188703 -0.00589807 0.00352477 0.00434563 -0.00815624     -3.834
 -0.0172022  0.0102196  0.0129157 -0.0238486 -0.00745406 0.00445465 0.00549206  -0.010308   -4.84546
  0.0317635 -0.0188703 -0.0238486  0.0439133  0.0137891 -0.00824055 -0.0101596  0.0189456    8.93494
 0.00992793 -0.00589807 -0.00745405  0.0137891    3.71605   -2.22077   -2.73795    5.12227    2.79897
 -0.00593307 0.00352477 0.00445465 -0.00824055   -2.22077    1.32716    1.63624   -3.06114   -1.67271
 -0.00731478 0.00434563 0.00549206 -0.0101596   -2.73795    1.63624    2.01729   -3.77403   -2.06226
   0.013729 -0.00815624  -0.010308  0.0189456    5.12227   -3.06114   -3.77403     7.0605     3.8585
    6.45358     -3.834   -4.84546    8.93494    2.79899   -1.67272   -2.06226     3.8585    913.075

          0 2.76841e-009 3.4308e-009 3.84974e-010 5.65768e-008 -2.37837e-009 -5.72708e-009 -2.69066e-009 -9.09967e-008
 -2.76841e-009          0 -1.0365e-009 -2.86175e-009 -5.7659e-008 3.28431e-009 9.74111e-009 -1.23247e-010 -4.96354e-008
 -3.4308e-009 1.0365e-009          0 -3.83371e-009 -6.22165e-008 5.74372e-009 1.07406e-008 -1.01439e-009 -9.06256e-008
 -3.84974e-010 2.86175e-009 3.83371e-009          0 6.46964e-008 -7.5299e-009 -1.23062e-008 3.48807e-009 -1.11079e-007
 -5.65768e-008 5.7659e-008 6.22165e-008 -6.46964e-008          0 -1.6244e-010 -1.43114e-010 1.6601e-010 -3.49498e-006
 2.37837e-009 -3.28431e-009 -5.74372e-009 7.5299e-009 1.6244e-010          0 -1.18705e-011 -6.52722e-012 3.83112e-007
 5.72708e-009 -9.74111e-009 -1.07406e-008 1.23062e-008 1.43114e-010 1.18705e-011          0 -2.70605e-011 5.86376e-007
 2.69066e-009 1.23247e-010 1.01439e-009 -3.48807e-009 -1.6601e-010 6.52722e-012 2.70605e-011          0 -4.80218e-008
 9.09967e-008 4.96354e-008 9.06256e-008 1.11079e-007 3.49498e-006 -3.83112e-007 -5.86376e-007 4.80218e-008          0
